0 0.833333
0.01 0.825019
0.02 0.816741
0.03 0.808494
0.04 0.800273
0.05 0.792075
0.06 0.783894
0.07 0.775726
0.08 0.767569
0.09 0.759417
0.1 0.751267
0.11 0.743116
0.12 0.734961
0.13 0.726798
0.14 0.718624
0.15 0.710436
0.16 0.702232
0.17 0.69401
0.18 0.685766
0.19 0.6775
0.2 0.669207
0.21 0.660888
0.22 0.65254
0.23 0.644161
0.24 0.63575
0.25 0.627306
0.26 0.618828
0.27 0.610315
0.28 0.601766
0.29 0.59318
0.3 0.584558
0.31 0.575899
0.32 0.567202
0.33 0.558468
0.34 0.549697
0.35 0.54089
0.36 0.532047
0.37 0.523168
0.38 0.514255
0.39 0.505309
0.4 0.49633
0.41 0.48732
0.42 0.478281
0.43 0.469213
0.44 0.46012
0.45 0.451002
0.46 0.441861
0.47 0.432701
0.48 0.423522
0.49 0.414328
0.5 0.405121
0.51 0.395903
0.52 0.386678
0.53 0.377449
0.54 0.368217
0.55 0.358986
0.56 0.349761
0.57 0.340542
0.58 0.331335
0.59 0.322142
0.6 0.312967
0.61 0.303813
0.62 0.294684
0.63 0.285584
0.64 0.276516
0.65 0.267484
0.66 0.258492
0.67 0.249544
0.68 0.240643
0.69 0.231793
0.7 0.222997
0.71 0.214261
0.72 0.205587
0.73 0.19698
0.74 0.188442
0.75 0.179979
0.76 0.171592
0.77 0.163287
0.78 0.155066
0.79 0.146933
0.8 0.138892
0.81 0.130946
0.82 0.123098
0.83 0.115351
0.84 0.107708
0.85 0.100173
0.86 0.0927483
0.87 0.0854364
0.88 0.0782402
0.89 0.0711621
0.9 0.0642047
0.91 0.0573701
0.92 0.0506605
0.93 0.044078
0.94 0.0376243
0.95 0.0313012
0.96 0.0251102
0.97 0.0190528
0.98 0.0131302
0.99 0.00734365
0 0.83333
0.1 0.751265
0.2 0.669205
0.3 0.584557
0.4 0.496329
0.5 0.405121
0.6 0.312968
0.7 0.223
0.8 0.138896
0.9 0.0642111
0 0.83333
0.2 0.66921
0.4 0.496342
0.6 0.312994
0.8 0.138954
0 0.833333
0.01 0.825019
0.02 0.816741
0.03 0.808494
0.04 0.800273
0.05 0.792075
0.06 0.783894
0.07 0.775726
0.08 0.767569
0.09 0.759417
0.1 0.751267
0.11 0.743116
0.12 0.734961
0.13 0.726798
0.14 0.718624
0.15 0.710436
0.16 0.702232
0.17 0.69401
0.18 0.685766
0.19 0.6775
0.2 0.669207
0.21 0.660888
0.22 0.65254
0.23 0.644161
0.24 0.63575
0.25 0.627306
0.26 0.618828
0.27 0.610315
0.28 0.601766
0.29 0.59318
0.3 0.584558
0.31 0.575899
0.32 0.567202
0.33 0.558468
0.34 0.549697
0.35 0.54089
0.36 0.532047
0.37 0.523168
0.38 0.514255
0.39 0.505309
0.4 0.49633
0.41 0.48732
0.42 0.478281
0.43 0.469213
0.44 0.46012
0.45 0.451002
0.46 0.441861
0.47 0.432701
0.48 0.423522
0.49 0.414328
0.5 0.405121
0.51 0.395903
0.52 0.386678
0.53 0.377449
0.54 0.368217
0.55 0.358986
0.56 0.349761
0.57 0.340542
0.58 0.331335
0.59 0.322142
0.6 0.312967
0.61 0.303813
0.62 0.294684
0.63 0.285584
0.64 0.276516
0.65 0.267484
0.66 0.258492
0.67 0.249544
0.68 0.240643
0.69 0.231793
0.7 0.222997
0.71 0.214261
0.72 0.205587
0.73 0.19698
0.74 0.188442
0.75 0.179979
0.76 0.171592
0.77 0.163287
0.78 0.155066
0.79 0.146933
0.8 0.138892
0.81 0.130946
0.82 0.123098
0.83 0.115351
0.84 0.107708
0.85 0.100173
0.86 0.0927483
0.87 0.0854364
0.88 0.0782402
0.89 0.0711621
0.9 0.0642047
0.91 0.0573701
0.92 0.0506605
0.93 0.044078
0.94 0.0376243
0.95 0.0313012
0.96 0.0251102
0.97 0.0190528
0.98 0.0131302
0.99 0.00734365
0 0.83333
0.01 0.825016
0.02 0.816738
0.03 0.808491
0.04 0.800271
0.05 0.792072
0.06 0.783891
0.07 0.775724
0.08 0.767566
0.09 0.759414
0.1 0.751264
0.11 0.743114
0.12 0.734958
0.13 0.726795
0.14 0.718621
0.15 0.710434
0.16 0.70223
0.17 0.694008
0.18 0.685764
0.19 0.677497
0.2 0.669205
0.21 0.660886
0.22 0.652537
0.23 0.644158
0.24 0.635748
0.25 0.627304
0.26 0.618826
0.27 0.610313
0.28 0.601764
0.29 0.593178
0.3 0.584556
0.31 0.575897
0.32 0.5672
0.33 0.558466
0.34 0.549696
0.35 0.540888
0.36 0.532045
0.37 0.523167
0.38 0.514254
0.39 0.505307
0.4 0.496328
0.41 0.487319
0.42 0.478279
0.43 0.469212
0.44 0.460118
0.45 0.451
0.46 0.44186
0.47 0.432699
0.48 0.423521
0.49 0.414327
0.5 0.40512
0.51 0.395902
0.52 0.386677
0.53 0.377448
0.54 0.368216
0.55 0.358986
0.56 0.34976
0.57 0.340541
0.58 0.331334
0.59 0.322141
0.6 0.312966
0.61 0.303812
0.62 0.294684
0.63 0.285583
0.64 0.276516
0.65 0.267484
0.66 0.258492
0.67 0.249543
0.68 0.240642
0.69 0.231792
0.7 0.222997
0.71 0.214261
0.72 0.205587
0.73 0.19698
0.74 0.188442
0.75 0.179978
0.76 0.171592
0.77 0.163287
0.78 0.155066
0.79 0.146933
0.8 0.138892
0.81 0.130946
0.82 0.123098
0.83 0.115351
0.84 0.107708
0.85 0.100173
0.86 0.0927484
0.87 0.0854365
0.88 0.0782403
0.89 0.0711623
0.9 0.0642049
0.91 0.0573703
0.92 0.0506608
0.93 0.0440782
0.94 0.0376245
0.95 0.0313014
0.96 0.0251105
0.97 0.0190531
0.98 0.0131306
0.99 0.00734399
