0 0.833333
0.01 0.825019
0.02 0.816741
0.03 0.808494
0.04 0.800273
0.05 0.792074
0.06 0.783893
0.07 0.775726
0.08 0.767568
0.09 0.759416
0.1 0.751266
0.11 0.743115
0.12 0.734959
0.13 0.726796
0.14 0.718622
0.15 0.710435
0.16 0.702231
0.17 0.694009
0.18 0.685765
0.19 0.677498
0.2 0.669206
0.21 0.660886
0.22 0.652538
0.23 0.644159
0.24 0.635748
0.25 0.627305
0.26 0.618826
0.27 0.610313
0.28 0.601764
0.29 0.593179
0.3 0.584557
0.31 0.575897
0.32 0.567201
0.33 0.558467
0.34 0.549696
0.35 0.540889
0.36 0.532046
0.37 0.523168
0.38 0.514255
0.39 0.505308
0.4 0.49633
0.41 0.48732
0.42 0.478281
0.43 0.469213
0.44 0.46012
0.45 0.451002
0.46 0.441862
0.47 0.432702
0.48 0.423523
0.49 0.414329
0.5 0.405123
0.51 0.395905
0.52 0.386681
0.53 0.377451
0.54 0.36822
0.55 0.35899
0.56 0.349764
0.57 0.340546
0.58 0.331339
0.59 0.322146
0.6 0.312972
0.61 0.303818
0.62 0.29469
0.63 0.28559
0.64 0.276523
0.65 0.267491
0.66 0.2585
0.67 0.249552
0.68 0.240651
0.69 0.231801
0.7 0.223007
0.71 0.214271
0.72 0.205598
0.73 0.196991
0.74 0.188454
0.75 0.179991
0.76 0.171605
0.77 0.1633
0.78 0.15508
0.79 0.146948
0.8 0.138907
0.81 0.130962
0.82 0.123114
0.83 0.115368
0.84 0.107726
0.85 0.100191
0.86 0.092767
0.87 0.0854557
0.88 0.0782601
0.89 0.0711826
0.9 0.0642258
0.91 0.0573918
0.92 0.0506828
0.93 0.0441009
0.94 0.0376478
0.95 0.0313252
0.96 0.0251348
0.97 0.019078
0.98 0.0131559
0.99 0.00736988
0 0.83333
0.1 0.751153
0.2 0.669051
0.3 0.584424
0.4 0.496294
0.5 0.405281
0.6 0.313449
0.7 0.22395
0.8 0.140458
0.9 0.0664794
0 0.83333
0.2 0.66858
0.4 0.496145
0.6 0.314764
0.8 0.145248
0 0.833333
0.01 0.825019
0.02 0.816741
0.03 0.808494
0.04 0.800273
0.05 0.792074
0.06 0.783893
0.07 0.775726
0.08 0.767568
0.09 0.759416
0.1 0.751266
0.11 0.743115
0.12 0.734959
0.13 0.726796
0.14 0.718622
0.15 0.710435
0.16 0.702231
0.17 0.694009
0.18 0.685765
0.19 0.677498
0.2 0.669206
0.21 0.660886
0.22 0.652538
0.23 0.644159
0.24 0.635748
0.25 0.627305
0.26 0.618826
0.27 0.610313
0.28 0.601764
0.29 0.593179
0.3 0.584557
0.31 0.575897
0.32 0.567201
0.33 0.558467
0.34 0.549696
0.35 0.540889
0.36 0.532046
0.37 0.523168
0.38 0.514255
0.39 0.505308
0.4 0.49633
0.41 0.48732
0.42 0.478281
0.43 0.469213
0.44 0.46012
0.45 0.451002
0.46 0.441862
0.47 0.432702
0.48 0.423523
0.49 0.414329
0.5 0.405123
0.51 0.395905
0.52 0.386681
0.53 0.377451
0.54 0.36822
0.55 0.35899
0.56 0.349764
0.57 0.340546
0.58 0.331339
0.59 0.322146
0.6 0.312972
0.61 0.303818
0.62 0.29469
0.63 0.28559
0.64 0.276523
0.65 0.267491
0.66 0.2585
0.67 0.249552
0.68 0.240651
0.69 0.231801
0.7 0.223007
0.71 0.214271
0.72 0.205598
0.73 0.196991
0.74 0.188454
0.75 0.179991
0.76 0.171605
0.77 0.1633
0.78 0.15508
0.79 0.146948
0.8 0.138907
0.81 0.130962
0.82 0.123114
0.83 0.115368
0.84 0.107726
0.85 0.100191
0.86 0.092767
0.87 0.0854557
0.88 0.0782601
0.89 0.0711826
0.9 0.0642258
0.91 0.0573918
0.92 0.0506828
0.93 0.0441009
0.94 0.0376478
0.95 0.0313252
0.96 0.0251348
0.97 0.019078
0.98 0.0131559
0.99 0.00736988
0 0.83333
0.01 0.825016
0.02 0.816738
0.03 0.808491
0.04 0.80027
0.05 0.792071
0.06 0.78389
0.07 0.775723
0.08 0.767565
0.09 0.759413
0.1 0.751263
0.11 0.743112
0.12 0.734957
0.13 0.726794
0.14 0.71862
0.15 0.710432
0.16 0.702229
0.17 0.694006
0.18 0.685763
0.19 0.677496
0.2 0.669204
0.21 0.660884
0.22 0.652536
0.23 0.644157
0.24 0.635746
0.25 0.627302
0.26 0.618824
0.27 0.610311
0.28 0.601762
0.29 0.593177
0.3 0.584555
0.31 0.575895
0.32 0.567199
0.33 0.558465
0.34 0.549695
0.35 0.540888
0.36 0.532044
0.37 0.523166
0.38 0.514253
0.39 0.505307
0.4 0.496328
0.41 0.487318
0.42 0.478279
0.43 0.469212
0.44 0.460119
0.45 0.451001
0.46 0.441861
0.47 0.4327
0.48 0.423522
0.49 0.414328
0.5 0.405122
0.51 0.395904
0.52 0.38668
0.53 0.37745
0.54 0.368219
0.55 0.358989
0.56 0.349763
0.57 0.340545
0.58 0.331338
0.59 0.322146
0.6 0.312971
0.61 0.303818
0.62 0.294689
0.63 0.28559
0.64 0.276522
0.65 0.267491
0.66 0.258499
0.67 0.249551
0.68 0.240651
0.69 0.231801
0.7 0.223007
0.71 0.214271
0.72 0.205597
0.73 0.196991
0.74 0.188454
0.75 0.17999
0.76 0.171605
0.77 0.1633
0.78 0.15508
0.79 0.146948
0.8 0.138907
0.81 0.130962
0.82 0.123114
0.83 0.115368
0.84 0.107726
0.85 0.100191
0.86 0.0927671
0.87 0.0854558
0.88 0.0782602
0.89 0.0711828
0.9 0.064226
0.91 0.057392
0.92 0.0506831
0.93 0.0441011
0.94 0.037648
0.95 0.0313255
0.96 0.0251351
0.97 0.0190783
0.98 0.0131563
0.99 0.00737021
