0 1
0.01 0.99785
0.02 0.995664
0.03 0.993444
0.04 0.991188
0.05 0.988896
0.06 0.986569
0.07 0.984205
0.08 0.981805
0.09 0.979369
0.1 0.976897
0.11 0.974389
0.12 0.971844
0.13 0.969264
0.14 0.966648
0.15 0.963996
0.16 0.961309
0.17 0.958586
0.18 0.955829
0.19 0.953037
0.2 0.950212
0.21 0.947352
0.22 0.94446
0.23 0.941534
0.24 0.938577
0.25 0.935587
0.26 0.932567
0.27 0.929516
0.28 0.926435
0.29 0.923325
0.3 0.920187
0.31 0.917021
0.32 0.913827
0.33 0.910607
0.34 0.907361
0.35 0.904091
0.36 0.900796
0.37 0.897478
0.38 0.894138
0.39 0.890776
0.4 0.887393
0.41 0.88399
0.42 0.880568
0.43 0.877127
0.44 0.873669
0.45 0.870195
0.46 0.866704
0.47 0.863199
0.48 0.859679
0.49 0.856146
0.5 0.852601
0.51 0.849043
0.52 0.845475
0.53 0.841897
0.54 0.838309
0.55 0.834712
0.56 0.831108
0.57 0.827496
0.58 0.823877
0.59 0.820253
0.6 0.816623
0.61 0.812988
0.62 0.809349
0.63 0.805707
0.64 0.802061
0.65 0.798412
0.66 0.79476
0.67 0.791107
0.68 0.787452
0.69 0.783795
0.7 0.780138
0.71 0.776479
0.72 0.772819
0.73 0.769159
0.74 0.765497
0.75 0.761835
0.76 0.758173
0.77 0.754509
0.78 0.750845
0.79 0.747179
0.8 0.743512
0.81 0.739843
0.82 0.736172
0.83 0.732499
0.84 0.728822
0.85 0.725143
0.86 0.72146
0.87 0.717772
0.88 0.714079
0.89 0.71038
0.9 0.706675
0.91 0.702963
0.92 0.699243
0.93 0.695514
0.94 0.691776
0.95 0.688026
0.96 0.684265
0.97 0.680492
0.98 0.676705
0.99 0.672904
0 1
0.1 0.977016
0.2 0.950407
0.3 0.920428
0.4 0.887666
0.5 0.85291
0.6 0.816994
0.7 0.780607
0.8 0.744111
0.9 0.707417
0 1
0.2 0.95103
0.4 0.888501
0.6 0.818078
0.8 0.745985
0 1
0.01 0.99785
0.02 0.995664
0.03 0.993444
0.04 0.991188
0.05 0.988896
0.06 0.986569
0.07 0.984205
0.08 0.981805
0.09 0.979369
0.1 0.976897
0.11 0.974389
0.12 0.971844
0.13 0.969264
0.14 0.966648
0.15 0.963996
0.16 0.961309
0.17 0.958586
0.18 0.955829
0.19 0.953037
0.2 0.950212
0.21 0.947352
0.22 0.94446
0.23 0.941534
0.24 0.938577
0.25 0.935587
0.26 0.932567
0.27 0.929516
0.28 0.926435
0.29 0.923325
0.3 0.920187
0.31 0.917021
0.32 0.913827
0.33 0.910607
0.34 0.907361
0.35 0.904091
0.36 0.900796
0.37 0.897478
0.38 0.894138
0.39 0.890776
0.4 0.887393
0.41 0.88399
0.42 0.880568
0.43 0.877127
0.44 0.873669
0.45 0.870195
0.46 0.866704
0.47 0.863199
0.48 0.859679
0.49 0.856146
0.5 0.852601
0.51 0.849043
0.52 0.845475
0.53 0.841897
0.54 0.838309
0.55 0.834712
0.56 0.831108
0.57 0.827496
0.58 0.823877
0.59 0.820253
0.6 0.816623
0.61 0.812988
0.62 0.809349
0.63 0.805707
0.64 0.802061
0.65 0.798412
0.66 0.79476
0.67 0.791107
0.68 0.787452
0.69 0.783795
0.7 0.780138
0.71 0.776479
0.72 0.772819
0.73 0.769159
0.74 0.765497
0.75 0.761835
0.76 0.758173
0.77 0.754509
0.78 0.750845
0.79 0.747179
0.8 0.743512
0.81 0.739843
0.82 0.736172
0.83 0.732499
0.84 0.728822
0.85 0.725143
0.86 0.72146
0.87 0.717772
0.88 0.714079
0.89 0.71038
0.9 0.706675
0.91 0.702963
0.92 0.699243
0.93 0.695514
0.94 0.691776
0.95 0.688026
0.96 0.684265
0.97 0.680492
0.98 0.676705
0.99 0.672904
0 1
0.01 0.99785
0.02 0.995664
0.03 0.993444
0.04 0.991188
0.05 0.988896
0.06 0.986569
0.07 0.984205
0.08 0.981806
0.09 0.97937
0.1 0.976898
0.11 0.974389
0.12 0.971845
0.13 0.969264
0.14 0.966648
0.15 0.963996
0.16 0.961309
0.17 0.958587
0.18 0.95583
0.19 0.953038
0.2 0.950212
0.21 0.947353
0.22 0.94446
0.23 0.941535
0.24 0.938577
0.25 0.935588
0.26 0.932568
0.27 0.929517
0.28 0.926436
0.29 0.923326
0.3 0.920188
0.31 0.917021
0.32 0.913828
0.33 0.910608
0.34 0.907362
0.35 0.904092
0.36 0.900797
0.37 0.89748
0.38 0.894139
0.39 0.890777
0.4 0.887394
0.41 0.883991
0.42 0.880569
0.43 0.877129
0.44 0.873671
0.45 0.870196
0.46 0.866706
0.47 0.8632
0.48 0.85968
0.49 0.856147
0.5 0.852602
0.51 0.849045
0.52 0.845476
0.53 0.841898
0.54 0.83831
0.55 0.834714
0.56 0.831109
0.57 0.827497
0.58 0.823879
0.59 0.820254
0.6 0.816624
0.61 0.81299
0.62 0.809351
0.63 0.805708
0.64 0.802062
0.65 0.798413
0.66 0.794762
0.67 0.791109
0.68 0.787454
0.69 0.783797
0.7 0.780139
0.71 0.77648
0.72 0.772821
0.73 0.76916
0.74 0.765499
0.75 0.761837
0.76 0.758174
0.77 0.754511
0.78 0.750846
0.79 0.747181
0.8 0.743513
0.81 0.739845
0.82 0.736174
0.83 0.7325
0.84 0.728824
0.85 0.725145
0.86 0.721461
0.87 0.717774
0.88 0.714081
0.89 0.710382
0.9 0.706677
0.91 0.702965
0.92 0.699245
0.93 0.695516
0.94 0.691777
0.95 0.688028
0.96 0.684267
0.97 0.680494
0.98 0.676707
0.99 0.672906
