0 1
0.01 0.997849
0.02 0.995664
0.03 0.993443
0.04 0.991187
0.05 0.988896
0.06 0.986568
0.07 0.984204
0.08 0.981804
0.09 0.979368
0.1 0.976896
0.11 0.974388
0.12 0.971843
0.13 0.969263
0.14 0.966646
0.15 0.963994
0.16 0.961307
0.17 0.958585
0.18 0.955827
0.19 0.953036
0.2 0.95021
0.21 0.94735
0.22 0.944458
0.23 0.941532
0.24 0.938574
0.25 0.935585
0.26 0.932565
0.27 0.929514
0.28 0.926433
0.29 0.923323
0.3 0.920185
0.31 0.917018
0.32 0.913825
0.33 0.910605
0.34 0.907359
0.35 0.904088
0.36 0.900794
0.37 0.897476
0.38 0.894135
0.39 0.890773
0.4 0.88739
0.41 0.883987
0.42 0.880565
0.43 0.877125
0.44 0.873667
0.45 0.870192
0.46 0.866701
0.47 0.863196
0.48 0.859676
0.49 0.856143
0.5 0.852597
0.51 0.84904
0.52 0.845472
0.53 0.841893
0.54 0.838305
0.55 0.834709
0.56 0.831104
0.57 0.827492
0.58 0.823874
0.59 0.820249
0.6 0.816619
0.61 0.812984
0.62 0.809345
0.63 0.805703
0.64 0.802057
0.65 0.798408
0.66 0.794756
0.67 0.791103
0.68 0.787448
0.69 0.783791
0.7 0.780133
0.71 0.776474
0.72 0.772814
0.73 0.769154
0.74 0.765492
0.75 0.76183
0.76 0.758167
0.77 0.754504
0.78 0.750839
0.79 0.747173
0.8 0.743506
0.81 0.739837
0.82 0.736166
0.83 0.732493
0.84 0.728816
0.85 0.725137
0.86 0.721453
0.87 0.717765
0.88 0.714072
0.89 0.710374
0.9 0.706669
0.91 0.702957
0.92 0.699236
0.93 0.695507
0.94 0.691768
0.95 0.688019
0.96 0.684258
0.97 0.680485
0.98 0.676698
0.99 0.672897
0 1
0.1 0.976896
0.2 0.950211
0.3 0.920186
0.4 0.887392
0.5 0.8526
0.6 0.816622
0.7 0.780136
0.8 0.74351
0.9 0.706674
0 1
0.2 0.950214
0.4 0.887401
0.6 0.816638
0.8 0.74354
0 1
0.01 0.997849
0.02 0.995664
0.03 0.993443
0.04 0.991187
0.05 0.988896
0.06 0.986568
0.07 0.984204
0.08 0.981804
0.09 0.979368
0.1 0.976896
0.11 0.974388
0.12 0.971843
0.13 0.969263
0.14 0.966646
0.15 0.963994
0.16 0.961307
0.17 0.958585
0.18 0.955827
0.19 0.953036
0.2 0.95021
0.21 0.94735
0.22 0.944458
0.23 0.941532
0.24 0.938574
0.25 0.935585
0.26 0.932565
0.27 0.929514
0.28 0.926433
0.29 0.923323
0.3 0.920185
0.31 0.917018
0.32 0.913825
0.33 0.910605
0.34 0.907359
0.35 0.904088
0.36 0.900794
0.37 0.897476
0.38 0.894135
0.39 0.890773
0.4 0.88739
0.41 0.883987
0.42 0.880565
0.43 0.877125
0.44 0.873667
0.45 0.870192
0.46 0.866701
0.47 0.863196
0.48 0.859676
0.49 0.856143
0.5 0.852597
0.51 0.84904
0.52 0.845472
0.53 0.841893
0.54 0.838305
0.55 0.834709
0.56 0.831104
0.57 0.827492
0.58 0.823874
0.59 0.820249
0.6 0.816619
0.61 0.812984
0.62 0.809345
0.63 0.805703
0.64 0.802057
0.65 0.798408
0.66 0.794756
0.67 0.791103
0.68 0.787448
0.69 0.783791
0.7 0.780133
0.71 0.776474
0.72 0.772814
0.73 0.769154
0.74 0.765492
0.75 0.76183
0.76 0.758167
0.77 0.754504
0.78 0.750839
0.79 0.747173
0.8 0.743506
0.81 0.739837
0.82 0.736166
0.83 0.732493
0.84 0.728816
0.85 0.725137
0.86 0.721453
0.87 0.717765
0.88 0.714072
0.89 0.710374
0.9 0.706669
0.91 0.702957
0.92 0.699236
0.93 0.695507
0.94 0.691768
0.95 0.688019
0.96 0.684258
0.97 0.680485
0.98 0.676698
0.99 0.672897
0 1
0.01 0.997849
0.02 0.995664
0.03 0.993443
0.04 0.991187
0.05 0.988896
0.06 0.986568
0.07 0.984204
0.08 0.981805
0.09 0.979369
0.1 0.976896
0.11 0.974388
0.12 0.971844
0.13 0.969263
0.14 0.966647
0.15 0.963995
0.16 0.961307
0.17 0.958585
0.18 0.955828
0.19 0.953036
0.2 0.95021
0.21 0.947351
0.22 0.944458
0.23 0.941533
0.24 0.938575
0.25 0.935586
0.26 0.932566
0.27 0.929515
0.28 0.926434
0.29 0.923324
0.3 0.920185
0.31 0.917019
0.32 0.913825
0.33 0.910606
0.34 0.90736
0.35 0.904089
0.36 0.900795
0.37 0.897477
0.38 0.894137
0.39 0.890774
0.4 0.887392
0.41 0.883989
0.42 0.880566
0.43 0.877126
0.44 0.873668
0.45 0.870193
0.46 0.866703
0.47 0.863197
0.48 0.859677
0.49 0.856144
0.5 0.852599
0.51 0.849041
0.52 0.845473
0.53 0.841895
0.54 0.838307
0.55 0.83471
0.56 0.831106
0.57 0.827494
0.58 0.823875
0.59 0.820251
0.6 0.816621
0.61 0.812986
0.62 0.809347
0.63 0.805704
0.64 0.802058
0.65 0.798409
0.66 0.794758
0.67 0.791104
0.68 0.787449
0.69 0.783793
0.7 0.780135
0.71 0.776476
0.72 0.772816
0.73 0.769155
0.74 0.765494
0.75 0.761832
0.76 0.758169
0.77 0.754506
0.78 0.750841
0.79 0.747175
0.8 0.743508
0.81 0.739839
0.82 0.736168
0.83 0.732494
0.84 0.728818
0.85 0.725139
0.86 0.721455
0.87 0.717767
0.88 0.714074
0.89 0.710376
0.9 0.706671
0.91 0.702958
0.92 0.699238
0.93 0.695509
0.94 0.69177
0.95 0.688021
0.96 0.68426
0.97 0.680487
0.98 0.6767
0.99 0.672898
